`Brest.years` <-
structure(list(year = c(1848L, 1848L, 1848L, 1848L, 1848L, 1848L, 
1848L, 1848L, 1848L, 1848L, 1848L, 1848L, 1848L, 1848L, 1848L, 
1848L, 1849L, 1849L, 1849L, 1849L, 1849L, 1849L, 1849L, 1849L, 
1849L, 1849L, 1849L, 1849L, 1849L, 1849L, 1850L, 1850L, 1850L, 
1850L, 1850L, 1850L, 1850L, 1850L, 1851L, 1851L, 1851L, 1851L, 
1851L, 1853L, 1853L, 1853L, 1853L, 1853L, 1853L, 1853L, 1853L, 
1853L, 1853L, 1853L, 1853L, 1853L, 1853L, 1853L, 1854L, 1854L, 
1854L, 1854L, 1854L, 1854L, 1855L, 1855L, 1855L, 1855L, 1855L, 
1855L, 1856L, 1856L, 1856L, 1856L, 1856L, 1856L, 1856L, 1856L, 
1856L, 1856L, 1856L, 1856L, 1856L, 1856L, 1865L, 1865L, 1865L, 
1865L, 1865L, 1865L, 1865L, 1865L, 1865L, 1865L, 1865L, 1865L, 
1865L, 1865L, 1866L, 1866L, 1866L, 1866L, 1866L, 1866L, 1866L, 
1866L, 1869L, 1869L, 1869L, 1869L, 1869L, 1870L, 1870L, 1870L, 
1870L, 1870L, 1870L, 1870L, 1871L, 1871L, 1871L, 1871L, 1871L, 
1871L, 1871L, 1873L, 1873L, 1873L, 1873L, 1873L, 1873L, 1873L, 
1873L, 1873L, 1873L, 1873L, 1873L, 1875L, 1875L, 1875L, 1875L, 
1875L, 1875L, 1876L, 1876L, 1876L, 1876L, 1876L, 1876L, 1876L, 
1876L, 1876L, 1876L, 1876L, 1876L, 1876L, 1879L, 1879L, 1879L, 
1879L, 1879L, 1879L, 1879L, 1879L, 1879L, 1879L, 1879L, 1879L, 
1879L, 1879L, 1879L, 1879L, 1879L, 1880L, 1880L, 1880L, 1880L, 
1880L, 1880L, 1880L, 1880L, 1880L, 1880L, 1881L, 1881L, 1881L, 
1881L, 1881L, 1881L, 1881L, 1881L, 1881L, 1881L, 1881L, 1881L, 
1882L, 1882L, 1882L, 1882L, 1882L, 1882L, 1882L, 1882L, 1882L, 
1882L, 1882L, 1882L, 1882L, 1882L, 1882L, 1883L, 1883L, 1883L, 
1883L, 1883L, 1883L, 1883L, 1883L, 1884L, 1884L, 1884L, 1884L, 
1884L, 1884L, 1884L, 1884L, 1884L, 1885L, 1885L, 1885L, 1885L, 
1885L, 1885L, 1885L, 1885L, 1886L, 1886L, 1886L, 1886L, 1886L, 
1886L, 1886L, 1886L, 1886L, 1886L, 1886L, 1887L, 1887L, 1887L, 
1887L, 1888L, 1888L, 1888L, 1888L, 1888L, 1888L, 1888L, 1889L, 
1889L, 1889L, 1889L, 1889L, 1890L, 1890L, 1890L, 1892L, 1892L, 
1892L, 1893L, 1893L, 1893L, 1893L, 1893L, 1893L, 1893L, 1894L, 
1894L, 1894L, 1894L, 1895L, 1895L, 1895L, 1895L, 1895L, 1896L, 
1896L, 1896L, 1896L, 1896L, 1898L, 1898L, 1898L, 1898L, 1899L, 
1899L, 1899L, 1899L, 1899L, 1900L, 1900L, 1901L, 1901L, 1901L, 
1901L, 1901L, 1902L, 1902L, 1902L, 1902L, 1902L, 1903L, 1903L, 
1903L, 1903L, 1903L, 1903L, 1903L, 1903L, 1903L, 1903L, 1904L, 
1904L, 1904L, 1904L, 1904L, 1904L, 1904L, 1905L, 1905L, 1905L, 
1905L, 1905L, 1905L, 1905L, 1905L, 1905L, 1906L, 1906L, 1908L, 
1909L, 1909L, 1909L, 1909L, 1912L, 1912L, 1912L, 1912L, 1912L, 
1912L, 1912L, 1912L, 1912L, 1912L, 1912L, 1912L, 1912L, 1912L, 
1912L, 1913L, 1913L, 1913L, 1913L, 1913L, 1913L, 1913L, 1913L, 
1913L, 1913L, 1913L, 1913L, 1913L, 1913L, 1913L, 1913L, 1914L, 
1914L, 1914L, 1914L, 1914L, 1914L, 1914L, 1914L, 1914L, 1914L, 
1914L, 1914L, 1914L, 1914L, 1914L, 1914L, 1914L, 1918L, 1918L, 
1918L, 1918L, 1919L, 1919L, 1919L, 1919L, 1921L, 1921L, 1921L, 
1924L, 1924L, 1924L, 1924L, 1924L, 1924L, 1924L, 1924L, 1924L, 
1924L, 1925L, 1925L, 1925L, 1925L, 1925L, 1925L, 1925L, 1925L, 
1925L, 1925L, 1926L, 1926L, 1926L, 1926L, 1926L, 1926L, 1926L, 
1926L, 1927L, 1927L, 1927L, 1927L, 1927L, 1927L, 1927L, 1927L, 
1928L, 1928L, 1928L, 1928L, 1928L, 1929L, 1929L, 1929L, 1929L, 
1929L, 1929L, 1929L, 1929L, 1930L, 1930L, 1930L, 1930L, 1930L, 
1930L, 1930L, 1930L, 1930L, 1930L, 1930L, 1930L, 1930L, 1930L, 
1931L, 1931L, 1931L, 1931L, 1931L, 1932L, 1932L, 1932L, 1932L, 
1932L, 1932L, 1933L, 1933L, 1933L, 1934L, 1934L, 1934L, 1934L, 
1934L, 1934L, 1934L, 1934L, 1934L, 1934L, 1935L, 1935L, 1935L, 
1935L, 1935L, 1935L, 1935L, 1936L, 1936L, 1936L, 1936L, 1936L, 
1936L, 1936L, 1936L, 1936L, 1936L, 1936L, 1936L, 1936L, 1936L, 
1939L, 1939L, 1939L, 1939L, 1939L, 1939L, 1939L, 1939L, 1941L, 
1941L, 1941L, 1941L, 1941L, 1941L, 1941L, 1941L, 1941L, 1941L, 
1941L, 1942L, 1942L, 1942L, 1942L, 1942L, 1942L, 1942L, 1942L, 
1942L, 1943L, 1943L, 1943L, 1943L, 1943L, 1943L, 1943L, 1943L, 
1943L, 1943L, 1953L, 1953L, 1953L, 1953L, 1954L, 1954L, 1954L, 
1954L, 1954L, 1954L, 1954L, 1955L, 1955L, 1955L, 1955L, 1955L, 
1955L, 1955L, 1955L, 1955L, 1956L, 1956L, 1956L, 1956L, 1956L, 
1957L, 1957L, 1957L, 1957L, 1957L, 1957L, 1957L, 1958L, 1958L, 
1958L, 1958L, 1958L, 1958L, 1958L, 1958L, 1959L, 1959L, 1959L, 
1959L, 1959L, 1959L, 1959L, 1960L, 1960L, 1960L, 1960L, 1960L, 
1960L, 1960L, 1960L, 1960L, 1960L, 1960L, 1960L, 1960L, 1960L, 
1960L, 1961L, 1961L, 1961L, 1961L, 1961L, 1961L, 1961L, 1961L, 
1961L, 1961L, 1961L, 1961L, 1962L, 1962L, 1962L, 1962L, 1962L, 
1963L, 1963L, 1963L, 1963L, 1963L, 1963L, 1963L, 1963L, 1963L, 
1963L, 1964L, 1964L, 1964L, 1964L, 1964L, 1964L, 1965L, 1965L, 
1965L, 1965L, 1965L, 1965L, 1965L, 1966L, 1966L, 1966L, 1966L, 
1966L, 1966L, 1966L, 1966L, 1966L, 1966L, 1966L, 1966L, 1966L, 
1966L, 1966L, 1966L, 1966L, 1967L, 1967L, 1967L, 1967L, 1967L, 
1967L, 1967L, 1967L, 1967L, 1967L, 1968L, 1968L, 1968L, 1968L, 
1968L, 1968L, 1968L, 1968L, 1968L, 1969L, 1969L, 1969L, 1969L, 
1969L, 1969L, 1969L, 1969L, 1969L, 1969L, 1969L, 1970L, 1970L, 
1970L, 1970L, 1970L, 1971L, 1971L, 1971L, 1972L, 1972L, 1972L, 
1972L, 1972L, 1972L, 1972L, 1972L, 1973L, 1973L, 1973L, 1973L, 
1973L, 1973L, 1974L, 1974L, 1974L, 1974L, 1974L, 1974L, 1974L, 
1974L, 1974L, 1975L, 1975L, 1975L, 1976L, 1976L, 1976L, 1976L, 
1976L, 1977L, 1977L, 1977L, 1977L, 1977L, 1977L, 1977L, 1977L, 
1977L, 1977L, 1977L, 1977L, 1978L, 1978L, 1978L, 1978L, 1978L, 
1978L, 1978L, 1978L, 1978L, 1978L, 1978L, 1979L, 1979L, 1979L, 
1979L, 1979L, 1979L, 1979L, 1979L, 1979L, 1979L, 1979L, 1983L, 
1983L, 1983L, 1983L, 1983L, 1983L, 1983L, 1983L, 1984L, 1984L, 
1984L, 1984L, 1984L, 1984L, 1984L, 1985L, 1985L, 1985L, 1985L, 
1985L, 1985L, 1985L, 1985L, 1985L, 1986L, 1986L, 1986L, 1986L, 
1987L, 1987L, 1987L, 1987L, 1987L, 1987L, 1987L, 1988L, 1988L, 
1988L, 1988L, 1988L, 1988L, 1988L, 1988L, 1988L, 1989L, 1989L, 
1989L, 1989L, 1989L, 1990L, 1990L, 1990L, 1990L, 1990L, 1990L, 
1990L, 1990L, 1994L, 1994L, 1994L, 1994L, 1994L, 1994L, 1994L, 
1994L, 1994L, 1994L, 1994L, 1994L, 1995L, 1995L, 1995L, 1995L, 
1995L, 1995L, 1995L, 1995L, 1995L, 1995L, 1995L, 1995L, 1995L, 
1996L, 1996L, 1996L, 1996L, 1996L, 1996L, 1996L, 1996L, 1997L, 
1997L, 1997L, 1997L, 1997L, 1997L, 1997L, 1997L, 1997L, 1997L, 
1998L, 1998L, 1998L, 1998L, 1998L, 1998L, 1998L, 1998L, 2001L, 
2001L, 2001L, 2001L, 2001L, 2001L, 2001L, 2001L, 2001L, 2001L, 
2001L, 2001L, 2001L, 2001L, 2001L, 2001L, 2001L, 2002L, 2002L, 
2002L, 2002L, 2002L, 2002L, 2002L, 2002L, 2002L, 2002L, 2002L, 
2002L, 2002L, 2003L, 2003L, 2003L, 2003L, 2003L, 2003L, 2003L, 
2003L, 2004L, 2004L, 2004L, 2004L, 2004L, 2004L, 2004L, 2004L, 
2004L, 2004L, 2004L, 2004L, 2004L, 2005L, 2005L, 2005L, 2006L, 
2006L, 2006L, 2006L, 2006L, 2006L, 2006L, 2006L, 2006L, 2006L, 
2006L, 2007L, 2007L, 2007L, 2007L, 2007L, 2007L, 2007L, 2007L, 
2007L, 2007L, 2007L),