`Brest.years.missing` <-
c(1846L, 1847L, 1852L, 1857L, 1858L, 1859L, 1860L, 1861L, 1862L, 
1863L, 1864L, 1867L, 1868L, 1872L, 1874L, 1877L, 1878L, 1891L, 
1897L, 1907L, 1910L, 1911L, 1915L, 1916L, 1917L, 1920L, 1922L, 
1923L, 1937L, 1938L, 1940L, 1944L, 1945L, 1946L, 1947L, 1948L, 
1949L, 1950L, 1951L, 1952L, 1980L, 1981L, 1982L, 1991L, 1992L, 
1993L, 1999L, 2000L, 2008L)
