Garonne <-
structure(list(info = structure(list(name = "Garonne", shortLab = "La Garonne river flow", 
    longLab = "La Garonne river flow at Le Mas d'Agenais", varName = "Flow", 
    varShortLab = "Flow", varUnit = "m3/s"), .Names = c("name", 
"shortLab", "longLab", "varName", "varShortLab", "varUnit")), 
    describe = "Flow of the french riverLa Garonneat the gauging stationLe Mas d'Agenais. The data are taken from Miquel's book.", 
    OTinfo = structure(list(start = structure(-1798761600, class = c("POSIXt", 
    "POSIXct"), tzone = ""), end = structure(252457200, class = c("POSIXt", 
    "POSIXct"), tzone = ""), effDuration = 65, threshold = 2500), .Names = c("start", 
    "end", "effDuration", "threshold")), OTdata = structure(list(
        date = structure(c(-1790380800, -1788912000, -1787875200, 
        -1786838400, -1762387200, -1759795200, -1758758400, -1734566400, 
        -1733702400, -1731024000, -1726963200, -1707955200, -1699747200, 
        -1698451200, -1666137600, -1660352400, -1631926800, -1629853200, 
        -1610409600, -1606176000, -1604707200, -1601686800, -1577750400, 
        -1571360400, -1553389200, -1551312000, -1543190400, -1511740800, 
        -1506560400, -1504314000, -1477785600, -1473984000, -1451865600, 
        -1450828800, -1410397200, -1378861200, -1377738000, -1376701200, 
        -1351036800, -1349654400, -1321488000, -1320019200, -1318118400, 
        -1315011600, -1296777600, -1261699200, -1259366400, -1256860800, 
        -1255996800, -1251248400, -1232236800, -1230595200, -1228608000, 
        -1226620800, -1225411200, -1223856000, -1201996800, -1188176400, 
        -1182301200, -1170028800, -1168905600, -1129420800, -1127523600, 
        -1125709200, -1105747200, -1099180800, -1097971200, -1094691600, 
        -1075161600, -1073779200, -1072656000, -1070064000, -1062550800, 
        -1036627200, -1034294400, -1015286400, -1011830400, -1007251200, 
        -975974400, -971049600, -942537600, -935888400, -934851600, 
        -931399200, -916797600, -912218400, -910144800, -900986400, 
        -887767200, -881028000, -822618000, -811130400, -792896400, 
        -790822800, -789872400, -786502800, -627613200, -595040400, 
        -592880400, -566960400, -565059600, -539571600, -537584400, 
        -506826000, -501210000, -493002000, -471315600, -470192400, 
        -405478800, -372042000, -337741200, -317350800, -315795600, 
        -309056400, -283568400, -280976400, -216522000, -181962000, 
        -179802000, -155955600, -128394000, -125888400, -124246800, 
        -122086800, -114656400, -96166800, -71024400, -50115600, 
        -29984400, -24714000, -21258000, -20394000, 2934000, 
        4230000, 34297200, 36025200, 38617200, 41382000, 65401200, 
        66870000, 99529200, 125708400, 129510000, 133225200, 
        134434800, 154911600, 160268400, 215218800, 218502000, 
        233100000, 237333600), class = c("POSIXt", "POSIXct"), tzone = ""), 
        Flow = c(2600, 2800, 2700, 4579, 3400, 4774, 3000, 4968, 
        3100, 3995, 3100, 3100, 4774, 2600, 3400, 3200, 2800, 
        6137, 3200, 4189, 3200, 2800, 3500, 3200, 4579, 3700, 
        2800, 4384, 3700, 3995, 4774, 3600, 5747, 2700, 3100, 
        3100, 2900, 3200, 6332, 3100, 4579, 3000, 4579, 2700, 
        4968, 3500, 2600, 7500, 3800, 2600, 3200, 3500, 3300, 
        3000, 3700, 3000, 3000, 2600, 3000, 3600, 2900, 3700, 
        3200, 2600, 3500, 6137, 2900, 2900, 4774, 4774, 4189, 
        4189, 3000, 3500, 2600, 3000, 5757, 3200, 2800, 2800, 
        3000, 5553, 2600, 3300, 5553, 3100, 5163, 2600, 3200, 
        3100, 3600, 3500, 3400, 4579, 3700, 3200, 2600, 2600, 
        2900, 3600, 6721, 2900, 3800, 2700, 3000, 2800, 5747, 
        3200, 3200, 2900, 3200, 3400, 4968, 2700, 3700, 4774, 
        2700, 2800, 3300, 2900, 4968, 5163, 3700, 2600, 3200, 
        3995, 2600, 2530, 2690, 4073, 2840, 2550, 3120, 2660, 
        2610, 4696, 3690, 2840, 3090, 5377, 3956, 2940, 4228, 
        3360, 3110, 3975, 3200, 3030, 4209, 4482, 3630), comment = structure(c("", 
        "", "", "", "", "", "", "", "", "", "", "", "", "", "", 
        "", "", "", "", "", "", "", "", "", "", "", "", "", "", 
        "", "", "", "", "", "", "", "", "", "", "", "", "", "", 
        "", "", "", "", "", "", "", "", "", "", "", "", "", "", 
        "", "", "", "", "", "", "", "", "", "", "", "", "", "", 
        "", "", "", "", "", "", "", "", "", "", "", "", "", "", 
        "", "", "", "", "", "", "", "", "", "", "", "", "", "", 
        "", "", "", "", "", "", "", "", "", "", "", "", "", "", 
        "", "", "", "", "", "", "", "", "", "", "", "", "", "", 
        "", "", "", "", "", "", "", "", "", "", "", "", "", "", 
        "", "", "", "", "", "", "", "", "", ""), class = "AsIs")), .Names = c("date", 
    "Flow", "comment"), row.names = c(NA, -151L), class = "data.frame"), 
    OTmissing = NULL, MAXinfo = structure(list(start = structure(-6311347761, class = c("POSIXt", 
    "POSIXct"), tzone = ""), end = structure(-1798761600, class = c("POSIXt", 
    "POSIXct"), tzone = ""), duration = 143.09), .Names = c("start", 
    "end", "duration"), row.names = c(NA, -1L), class = "data.frame"), 
    MAXdata = structure(list(block = c(1L, 1L, 1L, 1L, 1L, 1L, 
    1L, 1L, 1L, 1L, 1L, 1L), date = structure(c(NA_real_, NA_real_, 
    NA_real_, NA_real_, NA_real_, NA_real_, NA_real_, NA_real_, 
    NA_real_, NA_real_, NA_real_, NA_real_), class = c("POSIXt", 
    "POSIXct")), Flow = c(7500, 7400, 7000, 7000, 7000, 6600, 
    6500, 6500, 6400, 6300, 6300, 6200), comment = structure(c("1 (1875)", 
    "2 (1770)", "3 (1783)", "4 (1855)", "5 (1879)", "6 (1856)", 
    "7 (1827)", "8 (1843)", "9 (1835)", "10 (1772)", "11 (1879)", 
    "12 (1856)"), class = "AsIs")), .Names = c("block", "date", 
    "Flow", "comment"), row.names = c(NA, -12L), class = "data.frame")), .Names = c("info", 
"describe", "OTinfo", "OTdata", "OTmissing", "MAXinfo", "MAXdata"
), class = "Rendata")
